  1.0000000e-001  1.9845700e-001
  1.5000000e-001  1.9222900e-001
  2.0000000e-001  1.8806800e-001
  2.5000000e-001  1.8496100e-001
  3.0000000e-001  1.8248500e-001
  3.5000000e-001  1.8042500e-001
  4.0000000e-001  1.7866100e-001
  4.5000000e-001  1.7711900e-001
  5.0000000e-001  1.7575200e-001
  5.5000000e-001  1.7430200e-001
  6.0000000e-001  1.7582600e-001
  6.5000000e-001  1.9001700e-001
  7.0000000e-001  2.1549000e-001
  7.5000000e-001  2.5013900e-001
  8.0000000e-001  2.9175000e-001
  8.5000000e-001  3.5138900e-001
  9.0000000e-001  4.1384500e-001
  9.5000000e-001  4.9250500e-001
  1.0000000e+000  5.6329600e-001
  1.0500000e+000  6.3109400e-001
  1.1000000e+000  6.6412100e-001
  1.1500000e+000  6.8924600e-001
  1.2000000e+000  7.0688400e-001
  1.3000000e+000  7.3522800e-001
  1.6700000e+000  8.3818600e-001
  2.0400000e+000  7.9063200e-001
  2.4100000e+000  6.8874800e-001
  2.7800000e+000  6.6059010e-001
  3.1500000e+000  6.3500900e-001
  3.5200000e+000  6.1322900e-001
  3.8900000e+000  5.8990300e-001
  4.2600000e+000  5.6989600e-001
  4.6300000e+000  5.5241700e-001
  5.0000000e+000  5.3640100e-001
  6.0000000e+000  5.2618900e-001
  7.0000000e+000  5.0562700e-001
  8.0000000e+000  4.8824500e-001
  9.0000000e+000  4.7321700e-001
  1.0000000e+001  4.5996600e-001
  1.1000000e+001  4.5283900e-001
  1.2000000e+001  4.4704900e-001
  1.3000000e+001  4.4214000e-001
  1.4000000e+001  4.3824700e-001
  1.5000000e+001  4.3502100e-001
