  1.0000000e-001  9.4040000e-002
  1.5000000e-001  9.1229000e-002
  2.0000000e-001  8.9092000e-002
  2.5000000e-001  8.5098000e-002
  3.0000000e-001  8.3589000e-002
  3.5000000e-001  8.3675000e-002
  4.0000000e-001  8.3855000e-002
  4.5000000e-001  8.4024000e-002
  5.0000000e-001  8.4182000e-002
  5.5000000e-001  8.3258000e-002
  6.0000000e-001  8.3608000e-002
  6.5000000e-001  8.3482000e-002
  7.0000000e-001  8.2936000e-002
  7.5000000e-001  8.2045000e-002
  8.0000000e-001  8.0890000e-002
  8.5000000e-001  8.0302000e-002
  9.0000000e-001  7.8686000e-002
  9.5000000e-001  7.7819000e-002
  1.0000000e+000  7.8511000e-002
  1.0500000e+000  7.8576000e-002
  1.1000000e+000  7.8445000e-002
  1.1500000e+000  7.6759000e-002
  1.2000000e+000  7.4823000e-002
  1.3000000e+000  1.1368000e-001
  1.6700000e+000  1.1560700e-001
  2.0400000e+000  1.0337500e-001
  2.4100000e+000  8.6636000e-002
  2.7800000e+000  7.4759000e-002
  3.1500000e+000  6.3637000e-002
  3.5200000e+000  5.3710000e-002
  3.8900000e+000  5.5740000e-002
  4.2600000e+000  5.8011000e-002
  4.6300000e+000  5.9813000e-002
  5.0000000e+000  6.1110000e-002
  5.0000000e+000  6.8413000e-002
  6.0000000e+000  6.9655000e-002
  7.0000000e+000  7.0597000e-002
  8.0000000e+000  7.1349000e-002
  9.0000000e+000  7.1974000e-002
  1.0000000e+001  7.2508000e-002
  1.1000000e+001  7.2809990e-002
  1.2000000e+001  7.4934000e-002
  1.3000000e+001  7.5583000e-002
  1.4000000e+001  7.6189000e-002
  1.5000000e+001  7.7068000e-002
